4294967294,131
4294967294,130
4294967294,129
4294967294,128
4294967294,127
4294967294,126
4294967294,125
4294967294,124
4294967294,123
4294967294,122
4294967294,121
4294967294,120
4294967294,119
4294967294,118
4294967294,117
4294967294,116
4294967294,115
4294967294,114
4294967294,113
4294967294,112
4294967294,111
4294967294,110
4294967294,109
4294967294,108
4294967294,107
4294967294,106
4294967294,105
4294967294,104
4294967294,103
4294967294,102
4294967294,101
4294967294,100
4294967294,99
4294967294,98
4294967294,97
4294967294,96
4294967294,95
4294967294,94
4294967294,93
4294967294,92
4294967294,91
4294967294,90
4294967294,89
4294967294,88
4294967294,87
4294967294,86
4294967294,85
4294967294,84
4294967294,83
4294967294,82
4294967294,81
4294967294,80
4294967294,79
4294967294,78
4294967294,77
4294967294,76
4294967294,75
4294967294,74
4294967294,73
4294967294,72
4294967294,71
4294967294,70
4294967294,69
4294967294,68
4294967294,67
4294967294,66
4294967294,65
4294967294,64
4294967294,63
4294967294,62
4294967294,61
4294967294,60
4294967294,59
4294967294,58
4294967294,57
4294967294,56
4294967294,55
4294967294,54
4294967294,53
4294967294,52
4294967294,51
4294967294,50
4294967294,49
4294967294,48
4294967294,47
4294967294,46
4294967294,45
4294967294,44
4294967294,43
4294967294,42
4294967294,41
4294967294,40
4294967294,39
4294967294,38
4294967294,37
4294967294,36
4294967294,35
4294967294,34
4294967294,33
4294967294,32
4294967294,31
4294967294,30
4294967294,29
4294967294,28
4294967294,27
4294967294,26
4294967294,25
4294967294,24
4294967294,23
4294967294,22
4294967294,21
4294967294,20
4294967294,19
4294967294,18
4294967294,17
4294967294,16
4294967294,15
4294967294,14
4294967294,13
4294967294,12
4294967294,11
4294967294,10
4294967294,9
4294967294,8
4294967294,7
4294967294,6
4294967294,5
4294967294,4
4294967294,3
4294967294,2
4294967294,0
95,0
117,0
94,0
93,0
90,0
88,0
51,0
98,0
86,0
111,0
128,0
126,0
92,0
116,0
91,0
115,0
99,0
82,0
80,0
78,0
76,0
123,0
73,0
121,0
108,0
106,0
104,0
72,0
127,0
110,0
35,0
32,0
30,0
27,0
26,0
25,0
31,0
4,0
23,0
21,0
18,0
16,0
24,0
12,0
14,0
7,0
1,0
2,0
3,0
0,308
0,304
0,303
0,12
0,565
0,10
0,8
0,0
0,558
0,441
0,300
0,503
0,440
0,299
0,530
0,502
0,298
0,559
0,529
0,297
0,528
0,438
0,296
0,527
0,437
0,295
0,526
0,439
0,294
0,436
0,435
0,293
0,547
0,434
0,292
0,433
0,432
0,291
0,431
0,430
0,290
0,429
0,428
0,289
0,427
0,426
0,288
0,525
0,501
0,287
0,524
0,425
0,286
0,500
0,424
0,285
0,523
0,423
0,284
0,568
0,522
0,283
0,499
0,421
0,282
0,521
0,420
0,281
0,520
0,422
0,280
0,419
0,418
0,279
0,498
0,417
0,278
0,416
0,415
0,277
0,414
0,413
0,276
0,412
0,411
0,275
0,410
0,409
0,274
0,557
0,519
0,273
0,564
0,407
0,272
0,497
0,406
0,271
0,496
0,405
0,270
0,518
0,495
0,269
0,493
0,492
0,268
0,556
0,404
0,267
0,548
0,403
0,266
0,517
0,402
0,265
0,555
0,401
0,264
0,537
0,400
0,263
0,554
0,399
0,262
0,553
0,552
0,261
0,551
0,550
0,260
0,516
0,397
0,259
0,515
0,396
0,258
0,514
0,398
0,257
0,395
0,394
0,256
0,491
0,393
0,255
0,392
0,391
0,254
0,390
0,389
0,253
0,388
0,387
0,252
0,386
0,385
0,251
0,536
0,513
0,250
0,512
0,384
0,249
0,489
0,383
0,248
0,488
0,382
0,247
0,511
0,490
0,246
0,487
0,380
0,245
0,535
0,379
0,244
0,486
0,381
0,242
0,378
0,377
0,241
0,485
0,376
0,240
0,375
0,374
0,239
12,5
14,1
14,3
14,4
14,6
16,2
16,3
16,5
16,6
18,2
18,4
18,5
21,1
21,2
21,4
21,5
23,2
23,4
24,1
24,3
24,4
25,2
26,1
26,2
26,4
26,5
27,1
27,3
27,4
30,2
30,3
30,5
31,1
31,3
32,1
32,2
32,4
32,5
35,2
35,4
35,5
35,7
51,1
51,3
72,1
72,3
72,5
72,6
73,2
73,3
76,1
76,3
76,4
76,6
78,1
78,3
78,4
78,6
80,2
80,3
80,5
80,6
82,2
82,4
82,5
86,1
86,2
86,4
86,5
88,1
88,3
88,4
88,6
90,1
90,3
90,5
91,1
91,3
92,1
92,3
93,2
93,3
94,2
94,3
95,2
95,3
98,1
98,3
98,4
98,6
99,1
99,3
104,1
104,2
104,4
104,5
106,1
106,2
106,4
106,6
108,1
108,3
108,4
108,6
110,2
110,3
111,1
111,2
111,4
115,1
115,3
116,2
116,3
117,2
117,3
121,2
121,4
121,5
123,1
123,2
123,4
126,2
126,3
127,1
127,2
127,4
127,5
128,2
128,4
128,3
128,1
127,3
126,4
126,1
123,3
121,6
121,3
121,1
117,1
116,1
115,2
111,3
110,4
110,1
108,5
108,2
106,5
106,3
104,6
104,3
99,4
99,2
98,5
98,2
95,4
95,1
94,1
93,1
92,2
91,2
90,4
90,2
88,5
88,2
86,6
86,3
82,6
82,3
82,1
80,4
80,1
78,5
78,2
76,5
76,2
73,4
73,1
72,4
72,2
51,2
35,6
35,3
35,1
32,3
31,4
31,2
30,4
30,1
27,2
26,6
26,3
25,3
25,1
24,2
23,3
23,1
21,3
18,6
18,3
18,1
16,4
16,1
14,5
14,2
12,4
12,3
12,2
12,1
7,4
7,3
7,2
7,1
4,3
4,2
4,1
3,3
3,2
3,1
2,12
2,10
2,8
2,6
2,5
2,4
2,2
1,2
0,567
0,494
0,408
0,322
0,310
0,307
0,305
0,302
0,243
2,9
1,1
2,11
1,3
2,1
2,7
2,3
0,9
0,373
0,372
0,238
0,371
0,370
0,237
0,369
0,368
0,236
0,549
0,484
0,235
0,562
0,367
0,234
0,482
0,366
0,233
0,481
0,365
0,232
0,534
0,483
0,231
0,480
0,479
0,230
0,478
0,364
0,229
0,477
0,363
0,228
0,476
0,362
0,227
0,475
0,361
0,226
0,474
0,360
0,225
0,510
0,359
0,224
0,509
0,473
0,223
0,508
0,472
0,222
0,471
0,357
0,221
0,507
0,356
0,220
0,470
0,358
0,219
0,355
0,354
0,218
0,469
0,353
0,217
0,352
0,351
0,216
0,350
0,349
0,215
0,348
0,347
0,214
0,346
0,345
0,213
0,561
0,468
0,212
0,467
0,344
0,211
0,466
0,343
0,210
0,465
0,342
0,209
0,533
0,464
0,208
0,546
0,341
0,207
0,545
0,340
0,206
0,506
0,339
0,205
0,462
0,338
0,204
0,461
0,337
0,203
0,463
0,336
0,202
0,460
0,335
0,201
0,459
0,334
0,200
0,458
0,333
0,199
0,457
0,332
0,198
0,456
0,331
0,197
0,455
0,330
0,196
0,544
0,329
0,195
0,543
0,328
0,194
0,542
0,327
0,193
0,541
0,326
0,192
0,505
0,325
0,63
0,453
0,324
0,62
0,452
0,323
0,61
0,563
0,454
0,60
0,451
0,321
0,59
0,504
0,320
0,58
0,450
0,319
0,57
0,449
0,318
0,56
0,448
0,447
0,55
0,446
0,445
0,54
0,540
0,317
0,53
0,539
0,316
0,52
0,538
0,315
0,51
0,566
0,314
0,50
0,532
0,313
0,49
0,531
0,312
0,48
0,560
0,311
0,47
0,444
0,309
0,46
0,443
0,306
0,45
0,442
0,301
0,6
0,5
0,1
0,11
0,4
0,2
0,3
0,7
